1  2.012098  0.002379 
2  2.013130  0.002639 
3  2.019455  0.003182 
4  2.027245  0.003358 
5  2.032654  0.003531 
6  2.032394  0.004061 
7  2.022139  0.004181 
8  2.022116  0.004516 
9  2.017256  0.004956 
10  2.009292  0.005407 
11  2.009116  0.006070 
12  2.001593  0.006469 
13  2.000150  0.007128 
14  2.002989  0.007490 
15  2.016076  0.007787 
16  2.020896  0.008229 
17  2.034564  0.008501 
18  2.053523  0.009739 
19  2.014732  0.012354 
20  2.023175  0.013543 
21  1.986548  0.014397 
22  2.021281  0.014811 
23  2.078175  0.015504 
24  2.116838  0.016660 
25  2.124124  0.017492 
26  2.143963  0.020780 
27  2.240524  0.023741 
28  2.243514  0.025958 
29  2.255677  0.028249 
30  2.265323  0.031077 
31  2.368350  0.036528 
32  2.387284  0.040487 
33  2.433918  0.042369 
34  2.452363  0.049403 
35  2.614786  0.050511 
36  2.919911  0.052964 
37  2.888260  0.067203 
38  3.218077  0.067680 
39  3.375674  0.072466 
40  3.654040  0.084162 
41  4.026648  0.096679 
42  3.562085  0.127995 
43  4.059282  0.147006 
44  4.513797  0.161160 
45  6.585784  0.160405 
46  8.436658  0.218266 
47  12.251887  0.317956 
48  27.898211  0.964188 
49  -nan  -nan 
50  -12.254550  -0.228939 
51  -5.169108  -0.412556 
52  -6.109023  -0.255328 
53  -3.474184  -0.407027 
54  -0.112059  -13.803561 
55  1.183313  1.438778 
56  0.272229  6.048928 
57  0.492951  3.305260 
58  0.945282  1.915899 
59  0.444351  4.151345 
60  0.073019  25.423144 
61  0.805900  2.350837 
62  -1.227065  -1.276927 
63  -0.065076  -28.678784 
64  0.749685  2.840977 
65  0.017952  105.466488 
66  1.619142  1.190013 
67  -0.660677  -2.825564 
68  -3.237280  -0.511222 
69  -5.492460  -0.214398 
70  -4.250211  -0.225135 
71  -3.554995  -0.239893 
72  -1.851861  -0.420948 
73  -1.899882  -0.363797 
74  -1.593576  -0.416579 
75  -1.419549  -0.415235 
76  -0.939153  -0.562794 
77  -1.892446  -0.263674 
78  -1.600410  -0.312989 
79  -1.622225  -0.289285 
80  -0.905322  -0.494449 
81  -0.459573  -0.932244 
82  -0.533104  -0.774205 
83  -0.200016  -2.174126 
84  0.241444  1.866767 
85  0.741988  0.625938 
86  1.249990  0.421431 
87  1.411199  0.413302 
88  1.111352  0.526455 
89  1.710808  0.392186 
90  2.204948  0.353321 
91  2.592911  0.348227 
92  2.613727  0.422609 
93  2.228971  0.561855 
94  1.804462  0.752851 
95  1.419782  1.094727 
96  0.457612  3.436169 
97  -0.459984  -3.043412 
98  0.513278  2.989998 
99  -0.643398  -2.465589 
100  -0.709473  -2.234572 
101  0.709473  2.321105 
102  0.643398  2.449383 
103  -0.513278  -2.639896 
104  0.459984  2.942310 
105  -0.457612  -3.038978 
106  -1.419782  -0.908798 
107  -1.804462  -0.631463 
108  -2.228971  -0.458484 
109  -2.613727  -0.334081 
110  -2.592911  -0.285344 
111  -2.204948  -0.311962 
112  -1.710808  -0.358110 
113  -1.111352  -0.457598 
114  -1.411199  -0.321810 
115  -1.249990  -0.360573 
116  -0.741988  -0.619768 
117  -0.241444  -1.960694 
118  0.200016  2.351539 
119  0.533104  0.820228 
120  0.459573  1.010081 
121  0.905322  0.539477 
122  1.622225  0.318797 
123  1.600410  0.355139 
124  1.892446  0.307206 
125  0.939153  0.657616 
126  1.419549  0.484711 
127  1.593576  0.454347 
128  1.899882  0.424864 
129  1.851861  0.463733 
130  3.554995  0.305478 
131  4.250211  0.351810 
132  5.492460  0.375270 
133  3.237280  0.682101 
134  0.660677  3.020799 
135  -1.619142  -1.066443 
136  -0.017952  -108.288365 
137  -0.749685  -2.373125 
138  0.065076  28.285190 
139  1.227065  1.660225 
140  -0.805900  -2.282365 
141  -0.073019  -26.458462 
142  -0.444351  -4.102091 
143  -0.945282  -1.804696 
144  -0.492951  -3.421292 
145  -0.272229  -6.030136 
146  -1.183313  -1.325847 
147  0.112059  14.400650 
148  3.474184  0.639114 
149  6.109023  0.542138 
150  5.169108  0.801053 
151  12.254550  0.772925 
152  -nan  -nan 
153  -27.898211  -0.073814 
154  -12.251887  -0.097454 
155  -8.436658  -0.085570 
156  -6.585784  -0.080638 
157  -4.513797  -0.105038 
158  -4.059282  -0.094175 
159  -3.562085  -0.091429 
160  -4.026648  -0.068107 
161  -3.654040  -0.066282 
162  -3.375674  -0.058804 
163  -3.218077  -0.047738 
164  -2.888260  -0.045235 
165  -2.919911  -0.038749 
166  -2.614786  -0.037475 
167  -2.452363  -0.037140 
168  -2.433918  -0.034536 
169  -2.387284  -0.031190 
170  -2.368350  -0.028055 
171  -2.265323  -0.025222 
172  -2.255677  -0.022837 
173  -2.243514  -0.020661 
174  -2.240524  -0.017599 
175  -2.143963  -0.016870 
176  -2.124124  -0.015902 
177  -2.116838  -0.015238 
178  -2.078175  -0.013885 
179  -2.021281  -0.012096 
180  -1.986548  -0.010974 
181  -2.023175  -0.009657 
182  -2.014732  -0.009312 
183  -2.053523  -0.008906 
184  -2.034564  -0.007581 
185  -2.020896  -0.007097 
186  -2.016076  -0.006702 
187  -2.002989  -0.006274 
188  -2.000150  -0.005957 
189  -2.001593  -0.005256 
190  -2.009116  -0.004858 
191  -2.009292  -0.004210 
192  -2.017256  -0.003755 
193  -2.022116  -0.003547 
194  -2.022139  -0.003453 
195  -2.032394  -0.003105 
196  -2.032654  -0.002623 
197  -2.027245  -0.002391 
198  -2.019455  -0.002226 
199  -2.013130  -0.002160 

