1  0.985195  0.006468 
2  0.986456  0.006799 
3  0.987952  0.007352 
4  0.989357  0.007559 
5  0.989326  0.007576 
6  0.991055  0.008138 
7  0.991687  0.007769 
8  0.991699  0.008031 
9  0.996428  0.009215 
10  0.998087  0.009702 
11  0.994117  0.009967 
12  0.993978  0.010222 
13  0.993984  0.010508 
14  0.994561  0.011051 
15  0.993573  0.011133 
16  0.999774  0.011090 
17  0.999066  0.012183 
18  0.999223  0.013385 
19  0.998030  0.013543 
20  0.997633  0.013116 
21  0.994492  0.014000 
22  0.995779  0.014520 
23  0.995123  0.016026 
24  0.987860  0.017832 
25  0.985610  0.018067 
26  0.981293  0.017821 
27  0.973738  0.018485 
28  0.972264  0.019986 
29  0.964224  0.021023 
30  0.963052  0.020072 
31  0.953682  0.020434 
32  0.947885  0.023455 
33  0.952343  0.024061 
34  0.956966  0.024642 
35  0.950889  0.027518 
36  0.959864  0.029031 
37  0.958853  0.028219 
38  0.959616  0.029421 
39  0.964234  0.032229 
40  0.976129  0.033206 
41  0.994353  0.034879 
42  1.004422  0.036099 
43  1.008012  0.038235 
44  1.028607  0.041021 
45  1.061575  0.043430 
46  1.091553  0.041497 
47  1.099768  0.040824 
48  1.120611  0.041477 
49  1.159868  0.041716 
50  1.190335  0.045670 
51  1.238814  0.049783 
52  1.244650  0.051070 
53  1.265073  0.052317 
54  1.342464  0.054221 
55  1.339637  0.053763 
56  1.353951  0.057921 
57  1.385527  0.063699 
58  1.429836  0.065070 
59  1.448919  0.066339 
60  1.458928  0.074134 
61  1.517138  0.076308 
62  1.473314  0.088866 
63  1.545678  0.093342 
64  1.630730  0.088253 
65  1.705181  0.094765 
66  1.824441  0.103497 
67  1.856983  0.113779 
68  2.059194  0.111377 
69  2.449438  0.112125 
70  2.874894  0.112246 
71  3.311002  0.119009 
72  3.871976  0.132049 
73  4.679578  0.132690 
74  6.162594  0.145824 
75  8.968875  0.166227 
76  16.490074  0.306262 
77  -nan  -nan 
78  -32.735339  -0.036549 
79  -11.920521  -0.064016 
80  -6.947171  -0.085425 
81  -5.125116  -0.090527 
82  -3.948428  -0.099340 
83  -3.065237  -0.110730 
84  -2.671525  -0.124202 
85  -2.208882  -0.132511 
86  -1.966822  -0.129476 
87  -1.621528  -0.160753 
88  -1.326960  -0.194356 
89  -1.160771  -0.201657 
90  -0.911748  -0.232012 
91  -0.770302  -0.268148 
92  -0.595044  -0.362208 
93  -0.410091  -0.558243 
94  -0.357445  -0.584666 
95  -0.223479  -0.855746 
96  -0.178819  -1.175800 
97  -0.137606  -1.588710 
98  -0.063150  -3.379671 
99  -0.030746  -6.806002 
100  -0.035803  -5.915048 
101  0.035803  6.096900 
102  0.030746  7.060138 
103  0.063150  3.426750 
104  0.137606  1.625111 
105  0.178819  1.230327 
106  0.223479  0.938293 
107  0.357445  0.586742 
108  0.410091  0.529359 
109  0.595044  0.374246 
110  0.770302  0.276793 
111  0.911748  0.243153 
112  1.160771  0.203526 
113  1.326960  0.200200 
114  1.621528  0.198229 
115  1.966822  0.177508 
116  2.208882  0.171152 
117  2.671525  0.158354 
118  3.065237  0.158099 
119  3.948428  0.142602 
120  5.125116  0.160861 
121  6.947171  0.160175 
122  11.920521  0.206110 
123  32.735339  1.053294 
124  -nan  -nan 
125  -16.490074  -0.054828 
126  -8.968875  -0.071575 
127  -6.162594  -0.077319 
128  -4.679578  -0.078380 
129  -3.871976  -0.078488 
130  -3.311002  -0.075097 
131  -2.874894  -0.073941 
132  -2.449438  -0.084321 
133  -2.059194  -0.093460 
134  -1.856983  -0.092131 
135  -1.824441  -0.083397 
136  -1.705181  -0.081663 
137  -1.630730  -0.081381 
138  -1.545678  -0.079664 
139  -1.473314  -0.080271 
140  -1.517138  -0.071141 
141  -1.458928  -0.071066 
142  -1.448919  -0.060663 
143  -1.429836  -0.053626 
144  -1.385527  -0.057069 
145  -1.353951  -0.055344 
146  -1.339637  -0.052221 
147  -1.342464  -0.046915 
148  -1.265073  -0.045886 
149  -1.244650  -0.044298 
150  -1.238814  -0.040554 
151  -1.190335  -0.039349 
152  -1.159868  -0.039767 
153  -1.120611  -0.038339 
154  -1.099768  -0.036462 
155  -1.091553  -0.034536 
156  -1.061575  -0.032936 
157  -1.028607  -0.033096 
158  -1.008012  -0.033169 
159  -1.004422  -0.031085 
160  -0.994353  -0.033343 
161  -0.976129  -0.033809 
162  -0.964234  -0.029049 
163  -0.959616  -0.026562 
164  -0.958853  -0.025639 
165  -0.959864  -0.025849 
166  -0.950889  -0.025042 
167  -0.956966  -0.022860 
168  -0.952343  -0.021763 
169  -0.947885  -0.020469 
170  -0.953682  -0.020950 
171  -0.963052  -0.020353 
172  -0.964224  -0.018799 
173  -0.972264  -0.017749 
174  -0.973738  -0.015749 
175  -0.981293  -0.015347 
176  -0.985610  -0.015964 
177  -0.987860  -0.016036 
178  -0.995123  -0.015129 
179  -0.995779  -0.013501 
180  -0.994492  -0.012432 
181  -0.997633  -0.012606 
182  -0.998030  -0.011775 
183  -0.999223  -0.011629 
184  -0.999066  -0.011342 
185  -0.999774  -0.010610 
186  -0.993573  -0.010207 
187  -0.994561  -0.009182 
188  -0.993984  -0.009286 
189  -0.993978  -0.008704 
190  -0.994117  -0.008300 
191  -0.998087  -0.008828 
192  -0.996428  -0.008763 
193  -0.991699  -0.008188 
194  -0.991687  -0.007555 
195  -0.991055  -0.006843 
196  -0.989326  -0.006574 
197  -0.989357  -0.006499 
198  -0.987952  -0.006482 
199  -0.986456  -0.006010 

