1  2.264410  0.008521 
2  2.214677  0.010345 
3  2.200608  0.012902 
4  2.065914  0.016472 
5  1.950140  0.020311 
6  1.872726  0.023531 
7  1.786126  0.028197 
8  1.853574  0.028742 
9  2.018378  0.029551 
10  2.057752  0.034931 
11  2.251788  0.037623 
12  2.512641  0.048315 
13  3.078252  0.054774 
14  3.451934  0.073668 
15  4.643190  0.091518 
16  7.345802  0.170272 
17  12.540534  0.504506 
18  -nan  -nan 
19  -12.584385  -0.037319 
20  -4.527211  -0.072543 
21  -2.141533  -0.157446 
22  -1.380584  -0.242182 
23  -0.078987  -4.170158 
24  0.365147  0.910603 
25  1.047273  0.388938 
26  1.645621  0.316954 
27  0.025024  19.146791 
28  -1.051876  -0.398893 
29  -0.951352  -0.430169 
30  -1.249179  -0.264593 
31  -1.748180  -0.141393 
32  -1.625576  -0.121812 
33  -1.787118  -0.086476 
34  -1.164542  -0.119182 
35  -0.388975  -0.348293 
36  0.378004  0.368795 
37  1.142762  0.130058 
38  2.984239  0.074486 
39  6.201227  0.087950 
40  15.271690  0.358334 
41  -nan  -nan 
42  -8.664376  -0.020274 
43  -3.334668  -0.047348 
44  -1.980165  -0.069602 
45  -1.604298  -0.088049 
46  -1.154532  -0.119465 
47  -1.266629  -0.101657 
48  -1.159017  -0.106253 
49  -0.709803  -0.164687 
50  -0.383444  -0.308001 
51  0.383444  0.367032 
52  0.709803  0.200104 
53  1.159017  0.117275 
54  1.266629  0.126584 
55  1.154532  0.148717 
56  1.604298  0.119491 
57  1.980165  0.115222 
58  3.334668  0.092562 
59  8.664376  0.118855 
60  -nan  -nan 
61  -15.271690  -0.016917 
62  -6.201227  -0.024784 
63  -2.984239  -0.037950 
64  -1.142762  -0.108315 
65  -0.378004  -0.343042 
66  0.388975  0.404379 
67  1.164542  0.175462 
68  1.787118  0.135832 
69  1.625576  0.186345 
70  1.748180  0.203549 
71  1.249179  0.284629 
72  0.951352  0.454654 
73  1.051876  0.497067 
74  -0.025024  -18.051099 
75  -1.645621  -0.213096 
76  -1.047273  -0.339845 
77  -0.365147  -0.957439 
78  0.078987  4.324482 
79  1.380584  0.314745 
80  2.141533  0.273644 
81  4.527211  0.198443 
82  12.584385  0.511201 
83  -nan  -nan 
84  -12.540534  -0.036466 
85  -7.345802  -0.036070 
86  -4.643190  -0.037317 
87  -3.451934  -0.034945 
88  -3.078252  -0.028874 
89  -2.512641  -0.030614 
90  -2.251788  -0.027111 
91  -2.057752  -0.024808 
92  -2.018378  -0.020792 
93  -1.853574  -0.018849 
94  -1.786126  -0.017236 
95  -1.872726  -0.014664 
96  -1.950140  -0.012205 
97  -2.065914  -0.009940 
98  -2.200608  -0.008659 
99  -2.214677  -0.007352 

