1  2.002991  0.008801 
2  2.003156  0.009884 
3  2.060704  0.010986 
4  2.104533  0.013902 
5  2.098716  0.016561 
6  2.073113  0.018255 
7  2.046245  0.021582 
8  2.086026  0.027234 
9  2.134162  0.033347 
10  2.379337  0.039610 
11  2.502223  0.046841 
12  2.685536  0.062378 
13  3.101155  0.072498 
14  3.104677  0.085602 
15  3.260050  0.107172 
16  3.491310  0.167691 
17  4.795930  0.225296 
18  6.152760  0.334859 
19  5.560652  0.630855 
20  6.320280  1.187612 
21  46.580306  807.721598 
22  -nan  -nan 
23  -nan  -nan 
24  -9.892592  -0.365833 
25  -3.871442  -0.652548 
26  0.496264  6.562214 
27  5.867778  1.462055 
28  -nan  -nan 
29  -36.917624  -0.102686 
30  9.031132  3.068718 
31  -nan  -nan 
32  -8.175613  -0.269072 
33  -1.104137  -2.419318 
34  0.220376  13.916593 
35  -1.473195  -1.646456 
36  2.965296  1.305262 
37  7.873457  1.594993 
38  10.995052  5.063613 
39  -3.806502  -3.790345 
40  -nan  -nan 
41  -nan  -nan 
42  -12.092788  -0.693735 
43  -9.522454  -0.366742 
44  -8.324833  -0.197473 
45  0.107141  18.794739 
46  -0.206828  -9.667768 
47  -2.555490  -0.618299 
48  -1.493266  -1.045050 
49  0.927107  2.159108 
50  1.212310  1.951037 
51  -1.212310  -1.555557 
52  -0.927107  -1.839199 
53  1.493266  1.344355 
54  2.555490  0.981100 
55  0.206828  11.364791 
56  -0.107141  -22.332040 
57  8.324833  1.052439 
58  9.522454  2.798645 
59  12.092788  8.102773 
60  -nan  -nan 
61  -nan  -nan 
62  3.806502  7.405913 
63  -10.995052  -0.487236 
64  -7.873457  -0.320181 
65  -2.965296  -0.795639 
66  1.473195  2.246365 
67  -0.220376  -12.597251 
68  1.104137  2.866849 
69  8.175613  1.356771 
70  -nan  -nan 
71  -9.031132  -0.554797 
72  36.917624  172.428740 
73  -nan  -nan 
74  -5.867778  -0.429880 
75  -0.496264  -5.888002 
76  3.871442  1.332726 
77  9.892592  2.672568 
78  -nan  -nan 
79  -nan  -nan 
80  -46.580306  -0.079725 
81  -6.320280  -0.318339 
82  -5.560652  -0.209681 
83  -6.152760  -0.101152 
84  -4.795930  -0.088714 
85  -3.491310  -0.083324 
86  -3.260050  -0.069121 
87  -3.104677  -0.053406 
88  -3.101155  -0.038808 
89  -2.685536  -0.034484 
90  -2.502223  -0.031175 
91  -2.379337  -0.025558 
92  -2.134162  -0.022223 
93  -2.086026  -0.018770 
94  -2.046245  -0.016284 
95  -2.073113  -0.013243 
96  -2.098716  -0.010663 
97  -2.104533  -0.009668 
98  -2.060704  -0.008730 
99  -2.003156  -0.007003 

