1  4.006445  0.001034 
2  4.005149  0.001286 
3  4.020851  0.001542 
4  4.003841  0.001912 
5  3.980320  0.002252 
6  3.975378  0.002504 
7  3.999194  0.002746 
8  4.002278  0.003037 
9  4.023717  0.004131 
10  4.007308  0.005462 
11  3.908349  0.006003 
12  3.809541  0.006859 
13  3.874648  0.008439 
14  3.830249  0.011146 
15  3.804492  0.012761 
16  3.782857  0.015524 
17  3.847327  0.019336 
18  3.921582  0.022114 
19  4.150299  0.024057 
20  4.083785  0.032333 
21  4.058099  0.040617 
22  3.771800  0.048656 
23  4.214743  0.055157 
24  4.145133  0.075183 
25  5.045698  0.080862 
26  5.486686  0.099829 
27  7.166808  0.117294 
28  10.611966  0.145601 
29  20.767757  0.319057 
30  -nan  -nan 
31  -24.208104  -0.050436 
32  -5.400159  -0.195844 
33  -6.551770  -0.106528 
34  -3.754547  -0.160696 
35  -0.218353  -2.884310 
36  -0.067062  -9.895713 
37  -2.082451  -0.286129 
38  0.552348  1.079450 
39  2.413503  0.282807 
40  4.469724  0.237460 
41  3.960337  0.303844 
42  4.200491  0.330408 
43  4.850669  0.373284 
44  3.079277  0.649621 
45  0.956268  2.087315 
46  18.519151  0.511271 
47  -nan  -nan 
48  -26.648086  -0.037859 
49  -10.433592  -0.074015 
50  -3.996559  -0.175613 
51  -3.944544  -0.154851 
52  -0.879142  -0.659523 
53  -3.119332  -0.152740 
54  -0.901809  -0.530445 
55  1.032614  0.510138 
56  1.145739  0.465550 
57  -0.079630  -6.410866 
58  -0.179904  -2.780857 
59  -0.545996  -0.889565 
60  -0.955069  -0.492527 
61  -0.460737  -0.995803 
62  0.912113  0.554945 
63  0.227046  2.167845 
64  0.347284  1.411181 
65  0.911194  0.562407 
66  1.457273  0.389893 
67  4.652476  0.170304 
68  3.484636  0.262621 
69  3.578241  0.292206 
70  3.776469  0.327758 
71  10.304302  0.292876 
72  15.809213  0.433293 
73  22.262631  1.390591 
74  44.430719  20.529236 
75  -nan  -nan 
76  -nan  -nan 
77  -27.734697  -0.065751 
78  -16.685953  -0.060004 
79  -7.884442  -0.088761 
80  -4.440533  -0.140654 
81  -2.553155  -0.218067 
82  -2.104815  -0.232133 
83  0.334727  1.759236 
84  0.826509  0.680294 
85  1.641533  0.363124 
86  1.652916  0.423256 
87  3.792072  0.245043 
88  2.619425  0.376702 
89  1.707722  0.601678 
90  4.768818  0.315447 
91  10.847274  0.292569 
92  3.641327  0.835342 
93  11.974827  0.623748 
94  -nan  -nan 
95  -33.701281  -0.082940 
96  -13.942774  -0.114274 
97  0.497609  4.266970 
98  -4.289316  -0.387673 
99  -0.213941  -9.152158 
100  0.229712  8.209552 
101  -0.229712  -7.836093 
102  0.213941  8.877763 
103  4.289316  0.585571 
104  -0.497609  -4.525238 
105  13.942774  0.446004 
106  33.701281  2.306823 
107  -nan  -nan 
108  -11.974827  -0.193982 
109  -3.641327  -0.600129 
110  -10.847274  -0.105734 
111  -4.768818  -0.195885 
112  -1.707722  -0.565397 
113  -2.619425  -0.326875 
114  -3.792072  -0.169198 
115  -1.652916  -0.324408 
116  -1.641533  -0.313478 
117  -0.826509  -0.667598 
118  -0.334727  -1.541166 
119  2.104815  0.296147 
120  2.553155  0.278287 
121  4.440533  0.206881 
122  7.884442  0.194490 
123  16.685953  0.296793 
124  27.734697  1.263240 
125  -nan  -nan 
126  -nan  -nan 
127  -44.430719  -0.215805 
128  -22.262631  -0.144729 
129  -15.809213  -0.093575 
130  -10.304302  -0.098661 
131  -3.776469  -0.249155 
132  -3.578241  -0.202277 
133  -3.484636  -0.183215 
134  -4.652476  -0.109883 
135  -1.457273  -0.347241 
136  -0.911194  -0.530196 
137  -0.347284  -1.437561 
138  -0.227046  -2.163929 
139  -0.912113  -0.485271 
140  0.460737  0.967345 
141  0.955069  0.501708 
142  0.545996  0.886466 
143  0.179904  2.923923 
144  0.079630  6.809252 
145  -1.145739  -0.403374 
146  -1.032614  -0.403103 
147  0.901809  0.529754 
148  3.119332  0.203277 
149  0.879142  0.650963 
150  3.944544  0.192427 
151  3.996559  0.249192 
152  10.433592  0.204284 
153  26.648086  0.565042 
154  -nan  -nan 
155  -18.519151  -0.086196 
156  -0.956268  -2.011819 
157  -3.079277  -0.498816 
158  -4.850669  -0.238260 
159  -4.200491  -0.216398 
160  -3.960337  -0.202015 
161  -4.469724  -0.141942 
162  -2.413503  -0.223100 
163  -0.552348  -1.061256 
164  2.082451  0.343082 
165  0.067062  9.531540 
166  0.218353  2.829989 
167  3.754547  0.243931 
168  6.551770  0.205842 
169  5.400159  0.317921 
170  24.208104  0.512117 
171  -nan  -nan 
172  -20.767757  -0.039687 
173  -10.611966  -0.046958 
174  -7.166808  -0.054090 
175  -5.486686  -0.055420 
176  -5.045698  -0.044077 
177  -4.145133  -0.044476 
178  -4.214743  -0.033846 
179  -3.771800  -0.035539 
180  -4.058099  -0.027267 
181  -4.083785  -0.021363 
182  -4.150299  -0.016140 
183  -3.921582  -0.014264 
184  -3.847327  -0.012043 
185  -3.782857  -0.010556 
186  -3.804492  -0.009050 
187  -3.830249  -0.006836 
188  -3.874648  -0.005290 
189  -3.809541  -0.004444 
190  -3.908349  -0.004101 
191  -4.007308  -0.003467 
192  -4.023717  -0.002694 
193  -4.002278  -0.002371 
194  -3.999194  -0.001988 
195  -3.975378  -0.001600 
196  -3.980320  -0.001235 
197  -4.003841  -0.001176 
198  -4.020851  -0.001001 
199  -4.005149  -0.000774 

